1333681515 484
1333681894 658
1333685552 701
1333685649 703
1333685755 706
1333689047 715
1333689268 717
1333690815 1115
1333774556 1565
1334423844 1659
1334424135 9032
1334490394 9076
1334490974 12123
1334558503 12168
1334593819 12783
1334596539 12874
1334621798 12886
1334622442 12948
1334673555 24865
1334673587 24899
1334673649 12858
1334675707 12935
1334678074 13387
1334713458 13388
1334713485 13481
1334719595 13980
1334724528 14017
1334724573 14053
1334726735 14056
1334727475 14057
1334729399 14057
1334751919 14512
1334846431 14979
1334846514 14996
1334857280 15856
1334897152 16558
1334905606 16586
1334909345 16613
1334919329 16652
1334923194 16699
1334928134 17768
1334965837 19309
1334996939 20339
1335016318 20344
1335025689 21877
1335030479 23868
1335259745 25467
1335364511 28060
1335371866 28140
1335371889 28176
1335372008 28176
1335432272 28661
1336710972 29048
1336728913 29107
1336731812 28550
1338229289 29257
1338231671 29747
1339433595 29815
